1199812 1 -0.831317591728927 0.492720919663824 -0.257171454496127 213.865537488682 0.546803242064521 0.807951966700734 -0.219590149988893 -73.1072863218489 0.0995855217877898 -0.323171339741091 -0.941086079495496 -1548.06671265833 0 0 0 1
1207796 1 -0.82466551388463 0.504576564595522 -0.255595932421434 215.176895087041 0.555574608486505 0.807387531547756 -0.198651021407617 -66.4250062861958 0.106130319016142 -0.3058232567386 -0.946154580934495 -1549.38603015214 0 0 0 1
1212171 1 -0.823501946641864 0.503670504351985 -0.261075787699435 216.443734399148 0.555493177147496 0.809337328442771 -0.190788938179603 -66.7558642692455 0.115203619820053 -0.302140880774081 -0.946276394160512 -1540.88285107452 0 0 0 1
1220609 1 -0.814181894245833 0.523680826006091 -0.250731401216216 215.614519070674 0.567754276953345 0.808461680468147 -0.155063832713516 -64.3329066247141 0.121502773974311 -0.268603990454721 -0.955556891152143 -1543.77513385966 0 0 0 1
1224984 1 -0.815426543846405 0.523351731985539 -0.247350998013846 218.603678818284 0.566065563736782 0.810282905174823 -0.151695059684914 -62.6732044350728 0.121034413048801 -0.263713060369007 -0.956977582103544 -1539.01013791522 0 0 0 1
1346218 1 -0.852482386983269 0.461877667724971 -0.244832187304387 216.410909585653 0.513680686366132 0.827019729196669 -0.228408668780077 -72.728478050713 0.0969841860187951 -0.32047993318835 -0.942277390201984 -1548.70547235439 0 0 0 1
1350906 1 -0.851400182235254 0.459972237945795 -0.252077904642423 220.044721092227 0.514132886811216 0.827004438529767 -0.227444572041697 -68.932361358628 0.103851357183924 -0.323247890899851 -0.940598584221694 -1544.85390157853 0 0 0 1
1356374 1 -0.849811623492169 0.453645857664131 -0.268375931114885 225.336454771202 0.514684563186962 0.823997418249088 -0.236913602682255 -68.5079049735122 0.113666199877769 -0.339460882198544 -0.93372710384905 -1532.55290823509 0 0 0 1
1358874 1 -0.846650006636002 0.45871237317776 -0.269753081459482 221.729021440603 0.518628589170659 0.824811391609676 -0.225190041444471 -71.0025443688108 0.119197956182602 -0.330558810145092 -0.936227921116088 -1541.57715303567 0 0 0 1
1360749 1 -0.84321002636654 0.459911211241434 -0.278349652791909 220.162630374671 0.522020712260895 0.824180941292526 -0.219590874083588 -71.3628162752332 0.128418173969135 -0.330465510733879 -0.935040811307095 -1545.48113591306 0 0 0 1
1366843 1 -0.836200236219928 0.484612219257931 -0.25674921984622 217.384440797821 0.538610847741121 0.813849437405068 -0.218053773026397 -73.868565756722 0.103283685262149 -0.320624531471563 -0.941558490045792 -1542.21273730963 0 0 0 1
1369187 1 -0.833369761690447 0.488976093167125 -0.257676581417525 217.796320539544 0.542921089692868 0.811577421762342 -0.215821173317862 -72.3620856775856 0.103593101443656 -0.319756890147195 -0.941819515903488 -1538.41686959313 0 0 0 1