1199812 1 -0.831317591728927 0.492720919663824 -0.257171454496127 213.865537488682 0.546803242064521 0.807951966700734 -0.219590149988893 -73.1072863218489 0.0995855217877898 -0.323171339741091 -0.941086079495496 -1548.06671265833 0 0 0 1
1207796 1 -0.82466551388463 0.504576564595522 -0.255595932421434 215.176895087041 0.555574608486505 0.807387531547756 -0.198651021407617 -66.4250062861958 0.106130319016142 -0.3058232567386 -0.946154580934495 -1549.38603015214 0 0 0 1
1212171 1 -0.823501946641864 0.503670504351985 -0.261075787699435 216.443734399148 0.555493177147496 0.809337328442771 -0.190788938179603 -66.7558642692455 0.115203619820053 -0.302140880774081 -0.946276394160512 -1540.88285107452 0 0 0 1
1220609 1 -0.814181894245833 0.523680826006091 -0.250731401216216 215.614519070674 0.567754276953345 0.808461680468147 -0.155063832713516 -64.3329066247141 0.121502773974311 -0.268603990454721 -0.955556891152143 -1543.77513385966 0 0 0 1
1224984 1 -0.815426543846405 0.523351731985539 -0.247350998013846 218.603678818284 0.566065563736782 0.810282905174823 -0.151695059684914 -62.6732044350728 0.121034413048801 -0.263713060369007 -0.956977582103544 -1539.01013791522 0 0 0 1
1346218 1 -0.852482386983269 0.461877667724971 -0.244832187304387 216.410909585653 0.513680686366132 0.827019729196669 -0.228408668780077 -72.728478050713 0.0969841860187951 -0.32047993318835 -0.942277390201984 -1548.70547235439 0 0 0 1
1350906 1 -0.851400182235254 0.459972237945795 -0.252077904642423 220.044721092227 0.514132886811216 0.827004438529767 -0.227444572041697 -68.932361358628 0.103851357183924 -0.323247890899851 -0.940598584221694 -1544.85390157853 0 0 0 1
1356374 1 -0.849811623492169 0.453645857664131 -0.268375931114885 225.336454771202 0.514684563186962 0.823997418249088 -0.236913602682255 -68.5079049735122 0.113666199877769 -0.339460882198544 -0.93372710384905 -1532.55290823509 0 0 0 1
1358874 1 -0.846650006636002 0.45871237317776 -0.269753081459482 221.729021440603 0.518628589170659 0.824811391609676 -0.225190041444471 -71.0025443688108 0.119197956182602 -0.330558810145092 -0.936227921116088 -1541.57715303567 0 0 0 1
1360749 1 -0.84321002636654 0.459911211241434 -0.278349652791909 220.162630374671 0.522020712260895 0.824180941292526 -0.219590874083588 -71.3628162752332 0.128418173969135 -0.330465510733879 -0.935040811307095 -1545.48113591306 0 0 0 1
1366843 1 -0.836200236219928 0.484612219257931 -0.25674921984622 217.384440797821 0.538610847741121 0.813849437405068 -0.218053773026397 -73.868565756722 0.103283685262149 -0.320624531471563 -0.941558490045792 -1542.21273730963 0 0 0 1
1369187 1 -0.833369761690447 0.488976093167125 -0.257676581417525 217.796320539544 0.542921089692868 0.811577421762342 -0.215821173317862 -72.3620856775856 0.103593101443656 -0.319756890147195 -0.941819515903488 -1538.41686959313 0 0 0 1
1380437 1 -0.802654113276953 0.528105190795149 -0.277220637570166 210.662273408546 0.586008335588407 0.784819177430579 -0.20162611278823 -71.8796723512613 0.111088275981286 -0.324289633186766 -0.939412384816752 -1547.11770651956 0 0 0 1
1382468 1 -0.809267657903178 0.524314758057396 -0.264914877564705 214.757094498162 0.580760064223741 0.78190664515906 -0.226582757638224 -69.3674212758843 0.0883380194182788 -0.337218078903431 -0.937272831989669 -1539.08442005691 0 0 0 1
1384656 1 -0.824312707038688 0.511691664091741 -0.242239967622139 217.928102803301 0.562222030771039 0.79011150295617 -0.244192958563576 -68.1204212652604 0.0664450835670998 -0.337484005243757 -0.938983278378477 -1534.09693880506 0 0 0 1
1387312 1 -0.827899944285559 0.501632858570094 -0.250890728116378 224.128178956936 0.557209203272083 0.786676535179042 -0.265815599217934 -66.4267815275537 0.064028009814924 -0.35986734250484 -0.930803905104424 -1525.04012937652 0 0 0 1
1390124 1 -0.821087817833748 0.509302533474852 -0.257731885495592 220.667810834892 0.566316350296367 0.78335964019423 -0.256190291583757 -62.3549052663091 0.0714183925331382 -0.356312508215563 -0.931633409500281 -1529.44681695509 0 0 0 1
1392468 1 -0.819905816797704 0.510225266933186 -0.259662528225097 218.580763332056 0.56761298918384 0.783612474509596 -0.252521255150404 -61.8008657440531 0.0746320714644684 -0.354431469787753 -0.932098914886728 -1532.65269381132 0 0 0 1
1395437 1 -0.823845963175142 0.507960246159838 -0.251503911065533 216.79600200658 0.56173473620603 0.790955688608439 -0.242576142267732 -62.9618462516063 0.0757094122257329 -0.341123858707052 -0.936964565990223 -1538.67281206209 0 0 0 1
1397781 1 -0.820307899247119 0.51583291015816 -0.247004775724167 212.641415968775 0.566108715168719 0.793760787971701 -0.222406686249693 -63.0928945313119 0.081338017204776 -0.322273517801744 -0.943145750497178 -1544.11668755245 0 0 0 1
1403874 1 -0.812982129006479 0.529622128806211 -0.241992682936636 212.118170355312 0.577671910144099 0.785816508576696 -0.220879105120426 -67.6205379217043 0.0731793833436841 -0.319363140526751 -0.944802604953188 -1544.81878189905 0 0 0 1
1410593 1 -0.8142178649084 0.524882677703284 -0.248087571456205 213.867629183761 0.57609993349618 0.78334202492551 -0.233418376764344 -67.0229960727575 0.0718201579621321 -0.332976645776597 -0.940195946746029 -1541.31235196168 0 0 0 1
1413093 1 -0.82029608216639 0.519365974805293 -0.239527288209545 216.849367723195 0.568446031289764 0.786559602521906 -0.241232462971918 -66.153738866524 0.0631145553211579 -0.334040380635528 -0.940443287504081 -1537.24660232052 0 0 0 1
1415749 1 -0.823750433926602 0.513168301986295 -0.241025966323634 220.10883883612 0.563711224516423 0.786736330855871 -0.251546419305937 -65.0792074605343 0.0605382355204865 -0.343080514672498 -0.937353125824053 -1531.52930805876 0 0 0 1
1418562 1 -0.828390280054183 0.504911184026222 -0.242557704798246 224.223682388922 0.556456292103788 0.791427001632718 -0.252981612107975 -65.6732087531973 0.0642334717250895 -0.34454026953592 -0.936571440829934 -1527.5455608913 0 0 0 1
