1664767 1 0.6393938856437 -0.618147062726008 0.45724136716253 89.7741449657117 0.764247531771412 0.576126402528123 -0.289834570904347 241.830083663568 -0.0842684352694143 0.534764038762155 0.840789066094483 -1453.30244998731 0 0 0 1
1683595 1 0.589062457073489 -0.669459117478485 0.452581386815094 92.1876193385064 0.800298506388003 0.56087822142679 -0.21198566319979 240.577892221833 -0.111927308283897 0.487073003515951 0.866159435038534 -1449.6840780057 0 0 0 1
1718236 1 0.588147746703609 -0.654572326806361 0.474991891537923 88.026235410332 0.792993518628521 0.582126330520163 -0.179694782139844 244.573266346702 -0.158882055187563 0.48235257260062 0.861447902223309 -1452.77691186781 0 0 0 1
1724720 1 0.607501328582127 -0.659864587450668 0.442177410096344 90.2726162720947 0.787493364074407 0.573152408422375 -0.226606527395848 242.362647436936 -0.103905424832998 0.485875542652838 0.867829833401735 -1452.82000900512 0 0 0 1
1726626 1 0.610170431774752 -0.656317386787734 0.443778697086662 90.9256892596194 0.785354002450633 0.574904004839614 -0.229574554457034 242.474651169152 -0.104456378563429 0.488602980976881 0.866230911453707 -1452.93605883466 0 0 0 1
1730970 1 0.616080741842616 -0.644193249520317 0.453276490459307 95.1121252894877 0.776416015028031 0.59362732821821 -0.211624116774298 241.572718507306 -0.132750484513784 0.482308669282405 0.865884320447248 -1446.41784545955 0 0 0 1
1747205 1 0.5872989374758 -0.637208632844382 0.499044202719949 97.0408662156302 0.791293895316419 0.581630922525401 -0.18857211139832 241.577938279826 -0.170099762712255 0.505638831767147 0.845810524014918 -1445.51083894112 0 0 0 1
1756205 1 0.553814875852155 -0.681015645486682 0.479068652582509 91.3233888599701 0.81263950228644 0.567433738042717 -0.132800573246196 246.777270706665 -0.181400448203721 0.462857044381123 0.867673460386027 -1451.65748517129 0 0 0 1
1759064 1 0.558148457135558 -0.684388115014315 0.469130267435762 94.5764014227067 0.809629776800922 0.572941952705233 -0.12742504992192 245.497035193177 -0.181576221776106 0.450943928728914 0.873887663734903 -1446.21956752595 0 0 0 1
1763408 1 0.567056708141463 -0.68050189442891 0.464073120779941 97.2820742943976 0.804967839357826 0.577252670140687 -0.137135452801388 241.683630986817 -0.174566512686032 0.451327515773316 0.875117138533194 -1443.29201292497 0 0 0 1
1770001 1 0.553950996666392 -0.675630799215308 0.486478485078215 94.2618929932804 0.816179294890857 0.556006940146243 -0.15718664415489 242.197393509935 -0.164285275918978 0.484127365122957 0.859436467957539 -1449.40030402817 0 0 0 1
1787376 1 0.557465743342713 -0.667794174881209 0.493237148838245 97.462370441956 0.813921444795647 0.556695553853659 -0.166198501862483 241.551967455376 -0.163596536335957 0.494106264192525 0.853870700390044 -1448.22934210925 0 0 0 1
1790705 1 0.568287174138313 -0.665730506539123 0.483583064605299 98.2047897475122 0.808534632203991 0.560873842373339 -0.17802326103104 239.738570893624 -0.152713575809908 0.492161991222941 0.857003581182029 -1444.32637475984 0 0 0 1
1798376 1 0.576779291566403 -0.662556766339025 0.477853722595664 96.9395435819596 0.804861886704464 0.560963230488695 -0.193694598195762 239.645268061922 -0.139724701290391 0.496325281864688 0.856818663680506 -1445.36610507418 0 0 0 1
1802330 1 0.575337427616136 -0.659420671800104 0.483891746144472 98.7161109422874 0.805088832271136 0.560940153025229 -0.192816277519122 239.83812157302 -0.144287270874271 0.500510261959464 0.853622083323131 -1444.65116099191 0 0 0 1
1845361 1 0.541055076919425 -0.65107492307362 0.532316492591011 98.0178182554161 0.820355597998672 0.547941195908216 -0.163637216607092 239.779247593774 -0.185138047337542 0.525225561422285 0.830579323759441 -1444.00342848368 0 0 0 1
1850658 1 0.547312206150702 -0.649695827678691 0.527583813716221 101.573198608684 0.815191371455261 0.556572870428547 -0.16027996695725 239.630354100503 -0.189505611799073 0.517804954978058 0.83424555839203 -1442.17858209729 0 0 0 1
1877080 1 0.566038164523676 -0.711559077869872 0.416274518801772 92.5279533785361 0.811204956514371 0.570678617857139 -0.127563449495477 248.181977917672 -0.146790036546039 0.40988973373536 0.900246128205598 -1449.97070300959 0 0 0 1
1889658 1 0.602860133096759 -0.682642458306674 0.412987813427441 95.0900164082803 0.778986461630932 0.615501015609683 -0.119743861551103 245.678916475484 -0.172452174582633 0.393900715790756 0.902830257347001 -1441.28187355962 0 0 0 1
1902080 1 0.562882149618312 -0.672049791564878 0.481157732244502 99.6901184207971 0.798342665006234 0.592811690338806 -0.105940025620126 241.90476301162 -0.214038956435066 0.443760495600107 0.870209140191561 -1439.41940135446 0 0 0 1
1904689 1 0.560666641190228 -0.684220978691481 0.466363130805749 101.387739128152 0.806623663952882 0.578571680459738 -0.120884553691624 240.042240551967 -0.18711275265918 0.443955473993133 0.876294673556697 -1439.02768109147 0 0 0 1
1908330 1 0.54598413965293 -0.67341499103843 0.498411044311984 96.9549552882649 0.818739915487116 0.555037407268676 -0.146964034105687 241.587523521778 -0.177668990078743 0.488309048018956 0.854393354133342 -1447.0372814278 0 0 0 1
1911095 1 0.560813647210495 -0.672847012503648 0.482457201073194 94.6465619487592 0.815462403646597 0.549682469015592 -0.181301548520247 242.049830904536 -0.143210060196132 0.495102091514306 0.856950872358959 -1451.79979022177 0 0 0 1
1918923 1 0.57923676434704 -0.680567303038092 0.448679080038539 98.0071462225452 0.801458748693206 0.575960594479956 -0.161038094093965 239.558879097005 -0.148824208285792 0.452876958612109 0.879064170232386 -1441.62123246394 0 0 0 1