2584282 1 0.137109958743229 -0.960480981924059 0.242233652855308 235.027465833789 0.586400939271305 0.275791670573119 0.761625165592773 -38.9943350586928 -0.798332510696615 0.0376196465252419 0.6010407345265 -1432.68057256858 0 0 0 1
2593032 1 0.140653542768298 -0.969386015853806 0.201264336567141 229.693003054393 0.629147730184461 0.244476653296754 0.737837583480646 -37.1528898294473 -0.76445386682943 0.022845530414145 0.644273518957305 -1432.09265541054 0 0 0 1
2596782 1 0.141932503297669 -0.969544441154075 0.199596445697038 234.864080534023 0.621401334681129 0.244225772831123 0.744455608576866 -31.5314842934165 -0.770529393186379 0.0183670496344448 0.637139785073541 -1427.66093053569 0 0 0 1
2601626 1 0.164979190256411 -0.965290375963564 0.202475571006631 239.990114755843 0.616662356718839 0.261168569697417 0.742642926316662 -27.64377430478 -0.769746324829361 0.00233843416156699 0.638345617308809 -1421.10483700421 0 0 0 1
2603970 1 0.168334903362329 -0.961132818252634 0.218831135782245 236.928774004323 0.604510509953499 0.27600995090795 0.747251999231553 -26.1712394906816 -0.778607991010725 0.00649712840747761 0.627476998508073 -1419.0217559428 0 0 0 1
2607564 1 0.1417532792931 -0.966226116946738 0.215204783263948 235.252181628577 0.616313096302522 0.256269058738278 0.744637050420805 -29.7380840685179 -0.774638093005792 0.0270787825322262 0.631824789321313 -1432.09902913233 0 0 0 1
2611001 1 0.147873168495927 -0.962931608714396 0.225601956945592 232.357115199898 0.617734161502174 0.268067584373968 0.739286328780069 -38.6036054696635 -0.772358745501196 0.0300414238446039 0.634475752965554 -1434.00991822034 0 0 0 1
2614751 1 0.139142121043896 -0.966249051589452 0.216800001046795 230.327768147398 0.619360586544602 0.255738430640237 0.742287221315843 -37.0405746975503 -0.772678415633912 0.0309939574135471 0.634040567012329 -1435.29037995869 0 0 0 1
2619907 1 0.152229224245243 -0.969124828079891 0.193967344892934 233.137281618351 0.623313613273566 0.246443070177906 0.742122599486864 -39.8584926646272 -0.76701134463158 0.00792973898754596 0.641584535697398 -1431.057989086 0 0 0 1
2623189 1 0.145119207069058 -0.971241354548197 0.188760819438338 235.443955224056 0.61772599407841 0.237968250131581 0.749523654175874 -34.6707439416975 -0.772887451042834 0.00783218645709661 0.634494794995051 -1427.91446953963 0 0 0 1
2628189 1 0.170335294706281 -0.972739776743927 0.157363318843688 236.530664764742 0.645633170013248 0.230815667654225 0.727929898646827 -33.6525623029385 -0.744408286598134 -0.0223931754226643 0.667349120429869 -1424.64387486193 0 0 0 1
2631782 1 0.154264691186808 -0.976673885264102 0.149367087727397 233.47371420059 0.643069380249037 0.214023795798257 0.735292857994844 -27.8255517804068 -0.750109443507519 -0.0173763251359794 0.661085384867652 -1427.15818088032 0 0 0 1
2638657 1 0.14091380451655 -0.974501912289848 0.174611920097403 232.448840751319 0.625128750137613 0.224346845645652 0.747584469207482 -36.1813340712594 -0.767696128326865 0.00380995961610697 0.640802729987681 -1428.3118716829 0 0 0 1
2641314 1 0.14423373022591 -0.973039147653292 0.179976243430283 229.532642351029 0.619888015313147 0.230615182513233 0.750036989798181 -41.9778734270589 -0.771320607488383 0.00338448349750967 0.636437794081408 -1429.98611922831 0 0 0 1
2645064 1 0.1547365023598 -0.973038685848201 0.171033127435192 229.470157768955 0.612209258506863 0.230311819398277 0.756410133223989 -41.8598506383574 -0.775407272751509 -0.0123361942373813 0.63134093774743 -1432.50168748094 0 0 0 1
2649595 1 0.14982443808136 -0.980011139379877 0.13088469904829 234.003462670761 0.626076542303369 0.196494592343866 0.754597931588125 -31.0135655011079 -0.76523251429292 -0.0311133712569768 0.643001677445683 -1426.92659821151 0 0 0 1
2653345 1 0.142624540286452 -0.981369362897473 0.128733888600813 238.26151258615 0.626881406130021 0.190215856373851 0.755537974315262 -28.1830848310146 -0.765949047363156 -0.0270573751530082 0.642331655216605 -1424.72999559139 0 0 0 1
2657095 1 0.159299368369498 -0.978458816125505 0.131309011051627 238.58828471016 0.637867629562004 0.203528005399856 0.742765937678154 -29.1947259333628 -0.753490941149282 -0.0345643770988757 0.656549088371721 -1421.58370385852 0 0 0 1
2662095 1 0.153351837364113 -0.977446649201217 0.145193877082903 233.827602579226 0.635419989321157 0.210065890511962 0.743043578005031 -36.7949753994125 -0.756785736617805 -0.0216880061031606 0.653303129674976 -1426.20967751046 0 0 0 1
2668189 1 0.157311377825394 -0.977318982098014 0.141777070210869 233.501618398221 0.625915800227216 0.209718162387777 0.751164231969692 -35.8087751947093 -0.763860289210403 -0.0294261719493999 0.644710445837357 -1426.51166769626 0 0 0 1
2671626 1 0.155645149761237 -0.980147938217101 0.122819406302788 237.913144475826 0.623659499748473 0.19392554101317 0.757259343234691 -29.5810751085074 -0.766044003781302 -0.0412662543916582 0.641462142701497 -1423.63198808889 0 0 0 1
2675220 1 0.155610837877839 -0.978013255116645 0.138835658067742 239.487990747323 0.616319877290552 0.205961420081728 0.76008532566711 -27.0117114053184 -0.771968312815697 -0.0327103386418452 0.634818838531451 -1422.47891961902 0 0 0 1
2678032 1 0.157981740522142 -0.975031947347895 0.156059191695221 235.594549715968 0.61845809478625 0.220909328099594 0.754127743656172 -32.3234346299228 -0.769773573627308 -0.0226223431491286 0.637916040663257 -1426.09104387082 0 0 0 1
2681626 1 0.155535526799989 -0.974799757659497 0.15991914322568 234.959560009562 0.620133861271369 0.222367079671038 0.7523209926509 -32.8266698890068 -0.768923074180839 -0.0178413661348983 0.639092318563389 -1426.27627497031 0 0 0 1
2685064 1 0.14488469076319 -0.974637046916371 0.170560995425659 234.364302470828 0.623442007790657 0.22378059695679 0.749161069028295 -35.9643130543778 -0.768328373356347 -0.00220708037903982 0.640052059985585 -1428.19981776905 0 0 0 1
