230954 1 -0.930845361888335 0.166671703807375 -0.325188338353212 220.830663186239 0.284822281462151 0.888436560604555 -0.359939919658608 -6.76174120829011 0.228917409197448 -0.427669289207322 -0.874468866704374 -2224.7181757475 0 0 0 1
264938 1 -0.897133493436863 0.183448225990796 -0.401868440331662 225.74745416969 0.327899864212512 0.886130396590506 -0.327497479818959 -4.09689367880463 0.296029008719059 -0.425581565177797 -0.855129906726241 -2220.18611574545 0 0 0 1
282673 1 -0.968856696131564 0.0903217715950325 -0.230561661897561 219.803412460642 0.184181974252623 0.885206008461264 -0.427185349636997 -17.118890370561 0.165510430853879 -0.456346688560366 -0.874273410963957 -2231.15716246803 0 0 0 1
286845 1 -0.980358708398353 0.148710877035644 -0.129544887659855 220.017885851936 0.191667645505102 0.873191820788964 -0.44810663660984 -16.2738965175646 0.0464792053938689 -0.464134807096541 -0.884544269275096 -2227.17306889259 0 0 0 1
289438 1 -0.968928188580178 0.0943598059555632 -0.228635938545902 220.620582972389 0.187608405882625 0.882762346254066 -0.430736260463637 -14.0818876235306 0.161187007593407 -0.460246528564906 -0.873036013877456 -2227.01681318591 0 0 0 1
292423 1 -0.965772275483938 0.121135541123789 -0.229368900645282 221.135444678514 0.212066780481985 0.877929588541462 -0.429263693059901 -10.3114062089686 0.149370654824113 -0.463212497931637 -0.87356888064843 -2225.83555402245 0 0 0 1
295220 1 -0.965440998549527 0.116553328782885 -0.233107271163564 223.158470037048 0.210975971238405 0.874635617784368 -0.436464976444813 -2.62616274477343 0.153012476222385 -0.470561215627242 -0.86899903594176 -2219.10843065353 0 0 0 1
305782 1 -0.973440671748523 0.144743224141943 -0.177377162145474 220.410838496144 0.215109443948802 0.843469433720027 -0.492226819163743 -12.9224196485782 0.0783657176948154 -0.517309108217722 -0.852203086620299 -2223.84637303374 0 0 0 1
308673 1 -0.967327757899026 0.0918198592203448 -0.236317841583753 220.559263412694 0.192915282369243 0.871374180488217 -0.451099469526276 -4.87556175012012 0.164501375758512 -0.481950361584311 -0.860617886371363 -2223.54043771916 0 0 0 1
315735 1 -0.968772107980029 0.0954814822404937 -0.228831574196153 222.027967260086 0.191919145731756 0.873089213417443 -0.448198914451725 -4.03239853652245 0.156995682429564 -0.478119767383937 -0.864149202241838 -2225.32349143114 0 0 0 1
322407 1 -0.973580335863992 0.0808814581216272 -0.213540439615257 224.157384550024 0.171700317885337 0.87580158601474 -0.451099304779051 2.34213616399904 0.150533486165145 -0.475846374018116 -0.866550574332959 -2223.48062888859 0 0 0 1
324704 1 -0.97306684479678 0.0810815766746632 -0.215793172925354 224.03495873053 0.172613581406983 0.876732203083273 -0.448937852704143 2.30755650322617 0.152792234982985 -0.474095372262483 -0.867114819921908 -2223.03487241912 0 0 0 1
329782 1 -0.975094745657638 0.0723543449971591 -0.209654682158301 221.543602282508 0.161813269848412 0.878561421879822 -0.449384349622314 -3.31774358254487 0.151679605391862 -0.472117227756558 -0.868388519364248 -2227.10353272587 0 0 0 1
335157 1 -0.976343859921127 0.0782991125521024 -0.201548793516285 220.396229720986 0.16341414347831 0.877604050434611 -0.450673882504873 -7.15410789793584 0.141592672499559 -0.472948601471999 -0.869638508496556 -2228.74046476252 0 0 0 1
344720 1 -0.978011291890636 0.143834211808362 -0.151015338452349 220.457524677668 0.199097739753652 0.859488079642493 -0.470786927364649 -15.6576633304345 0.0620806166157959 -0.490501743591118 -0.869226113606048 -2225.92544121356 0 0 0 1
357407 1 -0.970534484445331 0.094889111994415 -0.221492372165153 222.237079513838 0.183391817906949 0.887121820851855 -0.423535495670994 -12.3223610886815 0.156301809417612 -0.451675692719235 -0.878384205788891 -2227.89087896832 0 0 0 1
359798 1 -0.970053772665255 0.104197307195358 -0.219405103202145 222.579200530246 0.193588523813093 0.877230048106554 -0.439307325396291 -12.2641877808794 0.146694108899352 -0.468626038406117 -0.871131720546334 -2229.07665037898 0 0 0 1
367954 1 -0.976062455367861 0.0622716748476072 -0.208385032411007 224.342161372587 0.154437150684693 0.873080366078815 -0.462471448692864 -7.62226728376156 0.153138008703444 -0.483583408399582 -0.861798025880186 -2228.11367693099 0 0 0 1
371845 1 -0.976544048009365 0.062775345930277 -0.205963536192253 224.39872585477 0.153916285665115 0.872434416122927 -0.463862012425358 -4.56789857103291 0.150570579146586 -0.484682829804794 -0.861632784420301 -2229.48882255778 0 0 0 1
377720 1 -0.976109856665973 0.0656799784932441 -0.207112742593646 225.721527945948 0.156142684566884 0.874900808817562 -0.458440875998884 -1.76002414140518 0.151092719135573 -0.479827797397675 -0.864254751256083 -2224.14832159514 0 0 0 1
384985 1 -0.976535682931341 0.0651066440427564 -0.205278310747407 224.855295916888 0.15332099498342 0.879561964381723 -0.450403622665559 -5.9417495189542 0.151230725909497 -0.47130868410677 -0.868905859012605 -2228.17111226477 0 0 0 1
392360 1 -0.975895342813244 0.0794598679827368 -0.203259462893098 224.094773027432 0.164227685827727 0.880756085897656 -0.444182377365326 -12.0753730980751 0.143727335893678 -0.466856344644056 -0.872575272616924 -2226.13768826549 0 0 0 1
396548 1 -0.974785585392764 0.085762640649793 -0.206004446503617 220.953501192601 0.169844588566294 0.883926872080978 -0.435690372337839 -16.2190460892191 0.14472690919533 -0.459693435108566 -0.876205493861374 -2232.02377223853 0 0 0 1
416970 1 -0.973962688393281 0.0843711356548558 -0.210423841534272 224.926506944923 0.173436626567655 0.875041360513368 -0.451909674554269 -10.0346600303304 0.146001432125039 -0.47663836276492 -0.866890681088575 -2224.16728932472 0 0 0 1
428517 1 -0.968263737741037 0.091542933877695 -0.232562304410722 222.26398940295 0.189744528716737 0.874885495012081 -0.445614614257133 -14.5780981756577 0.162672517647649 -0.475599896840332 -0.864489670341783 -2229.0363908476 0 0 0 1
